              precision    recall  f1-score   support

           0       0.64      0.64      0.64       100
           1       0.64      0.68      0.66       100
           2       0.91      0.68      0.78       100
           3       0.71      0.65      0.68       100
           4       0.53      0.64      0.58       100
           5       0.89      0.56      0.69       100
           6       0.73      0.63      0.68       100
           7       0.76      0.83      0.79       100
           8       0.63      0.72      0.67       100
           9       0.69      0.59      0.64       100
          10       0.73      0.70      0.71       100
          11       0.86      0.69      0.77       100
          12       0.67      0.64      0.65       100
          13       0.82      0.71      0.76       100
          14       0.70      0.61      0.65       100
          15       0.87      0.72      0.79       100
          16       0.86      0.76      0.81       100
          17       0.54      0.57      0.56       100
          18       0.37      0.57      0.45       100
          19       0.58      0.57      0.57       100
          20       0.43      0.46      0.44       100
          21       0.46      0.51      0.48       100
          22       0.53      0.59      0.56       100
          23       0.44      0.59      0.50       100
          24       0.61      0.66      0.63       100
          25       0.78      0.80      0.79       100
          26       0.82      0.83      0.83       100
          27       0.81      0.99      0.89       100
          28       0.92      0.69      0.79       100

    accuracy                           0.66      2900
   macro avg       0.69      0.66      0.67      2900
weighted avg       0.69      0.66      0.67      2900
